image_width: 640
image_height: 480
camera_name: depth_0000000000000000
camera_matrix:
  rows: 3
  cols: 3
  data: [583.464669891512, 0, 332.745068507836, 0, 583.925376383314, 233.937172460863, 0, 0, 1]
distortion_model: plumb_bob
distortion_coefficients:
  rows: 1
  cols: 5
  data: [-0.0891746105296725, 0.189458860950462, -0.00177901664623268, 0.00758311770571925, 0]
rectification_matrix:
  rows: 3
  cols: 3
  data: [1, 0, 0, 0, 1, 0, 0, 0, 1]
projection_matrix:
  rows: 3
  cols: 4
  data: [582.354248046875, 0, 336.009805564216, 0, 0, 585.695373535156, 232.826605712511, 0, 0, 0, 1, 0]